# Model file (format dari presentasi Programmer's View)
v 36 e 36
# Vertices:
5.0000 0.0000
4.9240 0.8682
4.6985 1.7101
4.3301 2.5000
3.8302 3.2139
3.2139 3.8302
2.5000 4.3301
1.7101 4.6985
0.8682 4.9240
0.0000 5.0000
-0.8682 4.9240
-1.7101 4.6985
-2.5000 4.3301
-3.2139 3.8302
-3.8302 3.2139
-4.3301 2.5000
-4.6985 1.7101
-4.9240 0.8682
-5.0000 0.0000
-4.9240 -0.8682
-4.6985 -1.7101
-4.3301 -2.5000
-3.8302 -3.2139
-3.2139 -3.8302
-2.5000 -4.3301
-1.7101 -4.6985
-0.8682 -4.9240
-0.0000 -5.0000
0.8682 -4.9240
1.7101 -4.6985
2.5000 -4.3301
3.2139 -3.8302
3.8302 -3.2139
4.3301 -2.5000
4.6985 -1.7101
4.9240 -0.8682
# Edges (connectivity):
1 2
2 3
3 4
4 5
5 6
6 7
7 8
8 9
9 10
10 11
11 12
12 13
13 14
14 15
15 16
16 17
17 18
18 19
19 20
20 21
21 22
22 23
23 24
24 25
25 26
26 27
27 28
28 29
29 30
30 31
31 32
32 33
33 34
34 35
35 36
36 1
