# Model file (format dari presentasi Programmer's View)
v 36 e 36
# Vertices:
7.0000 0.0000
6.8937 0.6946
6.5778 1.3681
6.0622 2.0000
5.3623 2.5712
4.4995 3.0642
3.5000 3.4641
2.3941 3.7588
1.2155 3.9392
0.0000 4.0000
-1.2155 3.9392
-2.3941 3.7588
-3.5000 3.4641
-4.4995 3.0642
-5.3623 2.5712
-6.0622 2.0000
-6.5778 1.3681
-6.8937 0.6946
-7.0000 0.0000
-6.8937 -0.6946
-6.5778 -1.3681
-6.0622 -2.0000
-5.3623 -2.5712
-4.4995 -3.0642
-3.5000 -3.4641
-2.3941 -3.7588
-1.2155 -3.9392
-0.0000 -4.0000
1.2155 -3.9392
2.3941 -3.7588
3.5000 -3.4641
4.4995 -3.0642
5.3623 -2.5712
6.0622 -2.0000
6.5778 -1.3681
6.8937 -0.6946
# Edges (connectivity):
1 2
2 3
3 4
4 5
5 6
6 7
7 8
8 9
9 10
10 11
11 12
12 13
13 14
14 15
15 16
16 17
17 18
18 19
19 20
20 21
21 22
22 23
23 24
24 25
25 26
26 27
27 28
28 29
29 30
30 31
31 32
32 33
33 34
34 35
35 36
36 1
